correction_pitch: 32.83489
correction_yaw: 327.2391
lidar_matrix: [0.699973, 0.4504262, 0.5542147, 0, -0.2019746, 0.8691995, -0.4513296, 0, -0.6850138, 0.2039813, 0.6993909, 1.985517, 0, 0, 0, 1]
correction_x: 0
correction_y: 0
correction_z: 1.985517
correction_roll: 33.65664
