image: bit_map.pgm
resolution: 0.050000
origin: [-486.077881, -134.397461, 0.000000]
negate: 0
occupied_thresh: 0.65
free_thresh: 0.196

