image: bitmap.pgm
resolution: 0.050000
origin: [-443.020660, -95.902901, 0.000000]
negate: 0
occupied_thresh: 0.65
free_thresh: 0.196

